80
75
3
4
20
0
0
0
8
0
44
110
41
80
10
204
50
129
117
11
0
0
130
42
0
0
7
0
0
0
100
111
99
46
99
104
109
237
153
121
56
212
235
30
192
95
107
182
210
40
75
27
50
142
44
141
49
150
198
118
35
51
152
17
89
102
16
99
105
140
25
75
153
97
102
178
47
169
68
116
8
169
136
44
101
75
41
100
169
44
69
10
145
34
165
20
39
75
178
68
214
200
81
119
166
184
231
156
238
185
247
220
251
199
125
158
251
199
124
126
207
251
124
223
239
250
126
103
254
250
253
190
47
22
143
51
225
1
0
28
96
45
46
214
82
108
249
156
42
40
0
192
250
101
174
208
43
33
79
32
23
69
64
86
179
220
187
113
200
15
58
59
158
141
212
138
12
92
145
248
245
223
101
235
138
252
194
245
93
30
85
6
127
0
139
199
89
177
93
120
214
18
98
27
88
241
220
224
123
15
95
89
172
198
177
247
108
155
32
47
0
222
73
220
206
170
219
159
64
50
22
191
247
128
95
241
175
98
101
97
106
174
191
246
183
188
111
185
112
150
34
0
135
98
209
251
49
104
27
174
116
179
172
111
26
222
136
213
0
187
44
28
138
195
219
96
247
153
226
184
170
3
96
44
15
206
1
135
55
182
0
145
252
217
220
44
13
111
105
133
69
177
92
102
235
89
138
173
141
57
43
150
171
154
2
249
174
224
141
204
185
170
29
69
132
225
242
38
88
10
211
203
130
232
69
229
98
87
148
183
52
50
195
238
195
225
185
162
225
41
91
196
225
242
246
246
123
24
12
26
201
139
200
244
242
39
155
123
81
15
50
216
61
109
251
83
135
21
157
230
75
166
51
131
184
162
85
120
33
236
136
189
228
160
0
26
221
253
31
105
155
254
201
248
91
202
14
94
1
184
59
141
164
234
233
73
226
2
71
73
43
10
211
135
235
40
233
56
122
163
174
46
154
200
36
226
124
137
36
50
124
31
209
135
117
32
131
9
128
190
226
239
237
56
38
141
78
244
32
195
45
112
40
154
143
47
157
204
96
144
221
225
40
26
149
73
166
50
65
142
192
233
240
157
255
81
52
157
118
136
29
5
188
183
42
253
101
60
203
69
197
82
41
52
224
38
0
255
203
96
60
157
72
101
80
104
116
31
248
183
238
245
21
92
255
139
148
16
164
9
74
93
91
71
83
13
166
131
214
64
192
16
8
52
107
103
164
142
132
169
169
237
81
67
233
32
140
117
80
72
84
24
28
75
101
48
137
84
18
153
93
151
253
143
123
253
143
143
176
33
51
200
76
60
209
237
16
25
148
241
171
1
14
28
56
112
224
192
129
3
7
14
28
56
112
224
240
47
184
202
181
4
142
0
61
32
9
164
1
55
16
1
182
128
10
72
128
6
124
128
47
160
3
50
96
176
30
50
112
103
69
138
0
11
128
3
168
63
245
133
0
36
48
97
249
212
129
54
208
1
154
64
13
192
88
18
13
52
0
130
181
67
176
30
52
203
118
89
250
251
153
252
172
101
238
184
31
197
158
88
172
174
149
65
7
96
79
83
132
0
47
32
193
37
93
4
129
4
192
96
246
200
218
145
233
12
47
26
85
86
83
21
169
169
170
141
84
83
103
249
229
1
123
206
242
35
82
166
235
82
103
30
116
173
22
99
85
22
0
43
159
241
172
83
121
217
123
150
117
197
230
73
98
253
38
222
111
113
107
1
88
143
135
226
44
150
251
20
191
117
178
90
224
199
89
202
191
3
252
46
143
3
7
14
28
56
112
224
192
129
3
7
14
28
56
112
224
240
255
137
232
202
44
64
64
118
13
240
219
8
12
121
128
38
2
80
88
223
253
174
183
244
138
48
133
135
176
114
153
176
68
45
19
59
255
30
111
168
171
155
221
46
31
167
148
45
185
130
1
251
124
252
169
132
128
206
203
136
246
138
11
46
39
94
116
108
145
104
202
185
166
104
211
81
185
33
247
250
11
184
80
240
165
245
66
142
182
64
22
10
108
53
128
135
47
95
124
207
210
72
104
93
175
249
147
176
183
57
68
254
205
31
45
2
183
43
195
84
53
215
169
203
111
150
229
191
150
85
178
121
68
101
195
160
33
42
78
108
35
204
163
60
94
228
99
142
192
17
209
16
84
191
96
214
142
47
166
160
158
221
159
173
186
6
239
130
168
144
20
46
137
127
253
100
76
255
228
151
120
69
196
219
173
204
61
140
64
188
245
225
160
52
221
139
57
140
9
108
219
155
230
214
151
39
222
85
156
245
168
220
104
11
105
70
61
29
202
247
173
181
26
203
245
220
218
94
44
63
42
52
210
15
36
131
75
178
146
27
241
105
54
139
186
99
134
126
214
83
86
158
214
54
58
226
221
208
177
180
241
233
16
173
130
179
69
240
218
61
217
87
175
6
217
228
145
35
174
234
30
173
200
43
93
55
119
43
225
144
183
201
136
229
209
233
142
142
78
198
246
79
66
31
233
14
121
254
169
13
3
30
117
243
33
189
201
199
114
27
206
88
15
107
39
11
189
173
171
119
216
126
142
30
168
155
191
80
182
64
135
239
255
212
99
47
87
46
57
84
252
84
202
224
65
125
144
185
32
114
203
195
106
209
57
138
166
113
211
28
92
162
120
102
220
68
176
81
71
137
80
200
93
230
150
155
163
122
231
147
219
230
247
3
245
74
103
62
23
241
100
118
221
142
115
66
141
150
218
90
254
252
75
145
129
193
203
84
203
95
39
125
153
142
99
39
239
29
204
169
147
169
57
53
239
95
48
97
181
119
44
140
113
101
63
163
244
238
224
221
67
55
67
43
90
96
149
207
90
202
197
150
118
238
134
170
152
175
131
9
210
229
25
25
13
203
131
133
238
170
65
122
243
50
155
134
98
245
47
240
207
171
24
216
231
234
41
60
235
115
46
222
92
31
33
127
89
203
94
137
102
127
136
102
138
179
243
90
232
237
88
208
205
16
45
52
38
80
169
135
188
10
221
173
79
127
240
182
106
33
156
59
67
152
236
186
124
83
99
120
110
175
179
155
140
195
139
142
77
231
206
20
14
125
61
63
243
34
194
37
211
33
211
229
87
199
225
54
215
217
79
197
132
20
115
231
153
160
95
155
27
131
178
159
13
24
197
162
39
69
148
25
119
44
187
6
62
199
42
138
103
89
148
151
26
61
143
57
112
5
37
164
221
87
249
208
182
128
250
154
96
189
54
236
116
208
177
157
30
193
203
65
19
203
191
110
232
221
80
245
203
187
156
4
105
175
199
83
3
161
35
95
85
58
51
122
201
14
69
205
220
201
135
241
125
173
162
77
61
75
75
5
211
233
184
3
217
105
117
169
131
4
43
103
45
194
254
139
247
118
83
12
118
167
132
195
108
55
143
91
54
117
153
149
102
150
142
190
200
23
175
186
238
68
60
176
111
93
87
183
230
66
158
127
195
243
47
23
252
71
21
92
245
25
203
115
175
194
203
33
113
183
45
209
3
210
139
30
76
120
141
244
51
157
139
206
198
129
133
126
93
237
20
242
243
232
64
155
217
214
160
221
55
190
184
28
151
119
14
74
95
147
86
116
30
27
190
131
160
112
191
97
77
103
209
34
236
97
53
196
34
174
123
74
234
68
84
248
27
29
175
174
184
88
249
217
12
87
235
220
240
76
155
203
113
239
103
115
52
101
206
48
24
150
133
167
76
27
28
160
98
134
58
247
250
2
221
141
58
166
246
167
198
234
156
204
64
99
196
46
189
223
249
224
228
135
139
16
55
217
188
37
19
249
200
224
167
113
114
37
131
26
157
59
22
23
209
193
46
34
39
83
70
32
136
211
61
97
80
177
172
206
116
55
19
85
218
116
66
53
212
212
106
50
12
33
54
99
8
109
52
28
255
148
128
49
188
187
208
136
217
89
159
208
104
40
53
42
157
200
147
251
86
114
71
201
58
120
240
118
171
108
71
76
154
148
157
128
118
106
133
155
97
91
165
91
191
112
241
233
108
110
138
24
196
212
253
112
170
9
70
57
100
240
48
87
234
137
193
68
41
215
222
204
208
123
76
186
173
16
218
88
75
142
226
197
52
181
19
201
81
176
247
211
122
155
157
252
120
77
55
6
138
197
148
69
165
39
186
68
221
76
250
128
177
86
38
32
204
168
194
211
88
130
128
89
169
176
14
38
204
232
117
210
47
167
145
199
171
188
50
14
27
24
203
202
97
162
84
212
177
205
90
208
160
15
137
102
198
90
234
54
83
109
109
77
118
73
240
87
70
47
248
94
110
56
203
200
197
8
54
90
65
139
147
34
7
149
2
116
196
29
178
108
251
99
168
133
146
37
102
220
93
185
21
121
161
142
178
142
110
46
15
189
35
93
11
11
188
248
36
102
84
248
74
115
175
143
140
75
52
193
182
221
240
168
52
188
62
251
126
98
163
36
247
217
200
139
88
134
247
1
9
1
229
159
142
191
168
22
230
221
27
57
221
236
17
81
107
216
34
120
109
52
75
66
49
53
190
131
145
207
231
162
192
157
141
157
183
45
18
150
79
227
47
217
80
97
216
165
153
118
59
134
207
201
194
115
17
72
74
164
69
22
52
251
69
213
10
218
158
77
10
125
10
173
223
177
14
90
38
121
88
189
173
16
25
239
188
36
89
123
45
212
66
28
217
86
135
32
31
80
16
64
30
73
69
223
87
58
113
50
6
39
34
6
201
147
146
151
51
71
96
208
231
221
78
199
32
26
183
67
220
98
81
114
247
55
158
64
199
40
137
156
132
224
164
196
228
242
16
242
241
230
174
188
141
104
225
250
237
55
251
125
49
31
172
156
220
238
72
72
94
134
15
24
57
243
125
45
150
106
181
127
218
91
116
204
254
26
220
58
66
181
192
14
205
47
44
109
160
220
176
86
5
23
77
44
20
79
107
140
109
78
106
87
35
151
205
197
171
6
219
157
82
216
107
126
97
95
3
76
197
235
236
125
177
182
216
46
74
141
247
163
28
21
3
197
218
236
236
224
155
133
218
45
227
38
132
157
132
38
231
93
215
116
47
70
81
203
189
219
124
175
117
87
249
75
181
63
178
123
229
81
141
173
16
79
239
49
126
220
151
251
70
232
49
213
109
88
190
179
118
91
90
159
113
91
254
227
42
146
134
83
85
80
123
137
95
116
95
85
34
60
158
225
155
190
248
241
254
169
119
78
122
71
30
165
164
106
20
152
62
222
182
60
236
185
167
99
91
196
200
76
29
100
123
186
20
33
32
185
56
12
3
239
57
112
78
239
117
111
77
53
34
46
192
254
190
127
121
246
76
202
147
128
187
131
5
111
131
151
231
145
181
247
54
71
60
107
50
143
238
20
153
187
27
23
48
41
81
131
137
221
101
69
164
71
169
173
187
18
182
20
48
180
173
116
249
51
68
113
55
190
106
96
105
66
180
98
226
82
28
105
23
152
100
78
47
37
220
155
184
189
169
84
156
191
165
68
143
226
178
53
236
73
224
112
71
71
117
61
191
62
158
187
36
138
39
225
77
100
247
132
40
234
40
95
61
101
77
15
105
206
47
46
68
102
186
87
118
90
63
48
69
102
75
80
139
38
114
116
185
164
223
19
250
233
109
125
139
3
112
154
88
178
92
34
230
75
31
91
187
165
183
166
225
134
168
232
96
52
230
181
212
20
79
2
241
238
150
120
119
221
159
232
107
155
6
82
172
242
210
3
69
44
19
90
99
197
219
79
73
138
62
136
83
32
157
239
187
216
138
220
119
117
139
204
243
174
248
246
81
250
71
84
234
220
212
200
43
151
175
46
53
57
195
66
174
14
174
230
183
194
163
144
117
77
242
229
99
183
158
242
169
196
28
139
9
75
62
31
60
77
123
163
196
243
178
116
200
228
243
97
254
47
68
130
193
141
18
120
91
55
165
247
221
38
44
245
70
170
101
183
79
91
181
63
18
245
178
44
61
211
231
213
99
81
250
208
112
190
221
85
170
42
74
115
184
221
97
232
246
240
37
193
33
138
158
230
195
159
63
174
239
153
159
37
133
17
62
223
218
166
135
140
111
198
98
139
45
245
55
65
202
38
115
15
186
214
53
222
122
174
9
39
88
242
148
186
23
200
56
148
61
75
64
53
92
145
121
89
214
213
14
123
245
126
43
69
238
65
44
108
44
121
87
197
156
195
157
177
207
5
182
97
203
221
165
245
225
62
61
36
131
74
90
105
38
161
242
101
130
234
235
15
107
144
170
141
82
138
181
87
45
116
244
15
46
181
102
212
44
15
182
244
135
51
71
198
13
168
111
38
242
229
220
118
75
29
22
110
191
157
224
209
255
198
99
234
197
194
173
144
71
75
221
229
210
95
3
167
66
12
170
131
6
51
245
76
166
47
159
15
253
219
117
207
62
136
166
152
75
98
202
50
98
72
57
234
185
106
209
254
167
52
248
249
102
200
226
188
182
235
232
156
86
172
95
190
110
196
149
220
196
152
236
217
8
228
243
109
97
159
230
151
123
230
132
23
44
86
223
22
38
193
196
222
72
123
103
205
197
125
55
140
206
133
124
157
13
31
253
138
138
158
174
227
91
245
15
113
129
35
63
190
97
252
21
83
60
191
221
133
176
47
55
20
89
107
245
206
36
124
245
182
227
200
31
51
255
14
80
75
1
2
20
0
20
0
0
0
8
0
44
110
41
80
10
204
50
129
117
11
0
0
130
42
0
0
7
0
0
0
0
0
0
0
0
0
32
0
0
0
0
0
0
0
100
111
99
46
99
104
109
80
75
5
6
0
0
0
0
1
0
1
0
53
0
0
0
154
11
0
0
0
0
